751
8 15
20 27
8 15
91 94
51 88
204 242
118 162
263 289
249 262
344 372
339 341
470 471
392 408
543 553
511 521
795 796
581 615
861 894
797 814
169 183
108 114
619 661
409 469
837 847
721 744
26 31
995 10
101 105
44 67
155 195
150 153
256 386
200 243
413 415
401 402
458 461
438 447
524 617
475 481
714 735
670 686
813 817
740 751
856 873
840 846
960 982
885 929
513 522
991 993
49 52
620 665
130 133
72 99
231 236
137 138
307 318
270 304
454 455
394 410
674 701
537 544
770 800
703 716
327 368
912 932
422 424
376 383
482 494
444 452
808 832
726 765
988 12
956 977
30 32
858 881
93 115
40 80
144 147
129 134
182 188
156 157
297 321
259 285
371 388
330 345
443 490
407 414
562 571
518 525
612 625
572 583
662 675
643 653
760 794
697 705
833 835
801 825
862 872
841 853
915 937
891 903
984 6
947 953
146 151
18 124
199 227
165 173
273 290
244 252
373 382
336 350
434 437
405 426
528 534
459 474
573 609
547 566
664 681
622 624
737 763
689 695
866 879
805 857
952 973
920 943
61 65
355 365
96 102
76 95
160 163
123 126
238 250
172 198
338 353
266 288
478 492
375 465
503 517
495 501
582 585
563 579
651 657
590 595
715 753
684 711
774 810
758 769
838 876
818 834
957 958
930 949
168 171
36 47
965 967
226 234
46 55
996 2
116 128
59 71
223 271
143 218
359 366
280 331
428 464
385 390
577 580
529 545
628 709
599 601
789 816
710 759
911 918
871 882
934 990
919 927
28
22
83
78
113
109
127
125
179
154
197
196
219
217
260
241
294
286
416
314
488
472
546
497
557
550
588
567
645
638
725
723
732
728
761
745
779
771
836
802
962
890
0 37
969
66 82
57 58
131 158
85 119
214 215
161 206
248 257
224 246
337 343
269 335
484 487
384 432
608 630
535 607
637 660
633 636
676 698
666 668
781 793
717 720
828 868
806 824
928 961
897 910
19
13
50
38
145
87
181
149
201
187
216
211
254
247
277
275
300
287
320
301
367
329
387
381
468
404
508
480
559
555
576
561
623
606
706
654
746
739
799
775
877
867
913
889
939
924
950
942
964
954
498 510
994
731 773
631 632
4
981 64
11
5
34
23
89
81
92
90
139
103
166
148
281
228
302
296
348
313
360
349
370
364
423
411
433
429
451
450
467
457
485
479
509
504
541
539
616
551
644
629
677
648
704
679
755
729
757
756
777
768
803
792
855
830
880
864
899
887
963
923
68 69
972
175 185
86 117
264 291
191 237
417 419
395 399
527 542
466 476
586 589
548 552
635 659
618 634
685 700
673 683
782 788
752 762
904 909
883 884
946 968
940 941
9
974 979
35
21
70
48
106
98
202
167
265
208
305
292
456
389
463
462
500
499
530
507
549
532
613
594
627
614
688
641
736
712
896
860
905
900
926
907
951
936
992
986
898 901
295 310
25
3
111
41
159
120
245
189
272
251
352
347
391
361
435
393
502
436
533
516
570
554
610
584
663
650
707
671
718
708
812
743
831
820
845
844
878
870
921
888
970
944
998
987
79 84
53 54
152 180
97 104
221 253
190 207
324 363
306 322
418 427
398 403
523 558
445 449
578 587
564 568
603 696
598 600
750 783
699 749
902 916
798 892
985 999
945 980
60
39
142
73
203
178
229
225
233
232
261
255
278
267
284
279
311
299
358
328
369
362
400
396
421
406
442
430
483
460
596
526
604
597
669
605
719
687
786
754
821
815
863
852
886
865
922
906
978
935
7
496 512
29
24
63
62
140
100
193
177
213
212
240
222
283
274
319
309
440
439
473
446
536
514
565
560
593
591
656
640
693
682
727
724
787
776
811
804
839
827
850
849
875
851
925
908
933
931
997
975
45
1
77
75
136
121
184
174
209
186
298
239
312
303
332
315
346
342
377
356
380
378
425
412
486
453
491
489
520
519
574
540
652
611
667
658
680
672
692
690
713
702
742
733
785
778
791
790
809
807
822
819
826
823
869
842
893
874
917
895
74
983
110
107
132
112
170
164
205
176
235
230
293
258
323
316
326
325
340
334
354
351
374
357
397
379
441
431
531
515
556
538
592
575
647
621
678
655
738
730
747
741
767
764
829
772
848
843
914
854
955
938
976
966
16
14
33
17
43
42
141
135
194
192
220
210
276
268
308
282
333
317
448
420
493
477
506
505
602
569
639
626
646
642
691
649
722
694
748
734
780
766
859
784
959
948
989
971
122
56
